16 0.2591145833333333 0.20555555555555555 0.009895833333333333 0.03518518518518519
23 0.28541666666666665 0.2037037037037037 0.009375 0.02962962962962963
34 0.30911458333333336 0.2013888888888889 0.009895833333333333 0.030555555555555555
36 0.3328125 0.20555555555555555 0.008333333333333333 0.03148148148148148
49 0.6260416666666667 0.2037037037037037 0.014583333333333334 0.03518518518518519
10 0.6528645833333333 0.20555555555555555 0.0078125 0.03518518518518519
30 0.67734375 0.20185185185185187 0.008854166666666666 0.03148148148148148
6 0.2604166666666667 0.6731481481481482 0.010416666666666666 0.04259259259259259
30 0.28359375 0.6722222222222223 0.0078125 0.03148148148148148
12 0.30859375 0.6754629629629629 0.0078125 0.032407407407407406
19 0.3328125 0.6717592592592593 0.008333333333333333 0.03796296296296296
5 0.35520833333333335 0.6736111111111112 0.010416666666666666 0.030555555555555555