28 0.16927083333333334 0.11064814814814815 0.010416666666666666 0.030555555555555555
31 0.1921875 0.1111111111111111 0.011458333333333333 0.02962962962962963
29 0.1546875 0.20185185185185187 0.0125 0.03518518518518519
6 0.17786458333333333 0.20092592592592592 0.008854166666666666 0.037037037037037035
2 0.6270833333333333 0.6722222222222223 0.010416666666666666 0.03333333333333333
3 0.6528645833333333 0.6754629629629629 0.009895833333333333 0.03425925925925926
18 0.6770833333333334 0.6763888888888889 0.010416666666666666 0.028703703703703703
4 0.70078125 0.674537037037037 0.0109375 0.032407407407407406
8 0.7260416666666667 0.6731481481481482 0.008333333333333333 0.03518518518518519
32 0.2596354166666667 0.20462962962962963 0.0109375 0.03333333333333333
48 0.2830729166666667 0.2023148148148148 0.0109375 0.032407407407407406
34 0.30963541666666666 0.20185185185185187 0.009895833333333333 0.03148148148148148
25 0.33255208333333336 0.2013888888888889 0.009895833333333333 0.03425925925925926
20 0.3575520833333333 0.20462962962962963 0.0109375 0.03333333333333333