50 0.16927083333333334 0.5824074074074074 0.010416666666666666 0.027777777777777776
28 0.19166666666666668 0.5814814814814815 0.010416666666666666 0.02962962962962963
48 0.18984375 0.763425925925926 0.0109375 0.023148148148148147
43 0.21223958333333334 0.7643518518518518 0.009895833333333333 0.026851851851851852
21 0.25859375 0.6731481481481482 0.009895833333333333 0.03148148148148148
53 0.2828125 0.6726851851851852 0.009375 0.030555555555555555
47 0.30911458333333336 0.6722222222222223 0.008854166666666666 0.027777777777777776
46 0.33177083333333335 0.675 0.007291666666666667 0.027777777777777776
9 0.3572916666666667 0.6726851851851852 0.00625 0.030555555555555555
49 0.35651041666666666 0.5393518518518519 0.009895833333333333 0.028703703703703703
39 0.37916666666666665 0.5425925925925926 0.010416666666666666 0.03148148148148148
44 0.29791666666666666 0.8060185185185185 0.010416666666666666 0.030555555555555555
37 0.31979166666666664 0.8074074074074075 0.009375 0.027777777777777776
14 0.6278645833333333 0.674074074074074 0.009895833333333333 0.03148148148148148
11 0.65234375 0.674074074074074 0.008854166666666666 0.02962962962962963
12 0.6778645833333333 0.6763888888888889 0.0078125 0.032407407407407406
32 0.7002604166666667 0.674537037037037 0.0078125 0.030555555555555555
5 0.7247395833333333 0.6731481481481482 0.0078125 0.03148148148148148