23 0.2591145833333333 0.2023148148148148 0.008854166666666666 0.030555555555555555
30 0.2828125 0.20324074074074075 0.010416666666666666 0.028703703703703703
10 0.3078125 0.20462962962962963 0.010416666666666666 0.025925925925925925
25 0.3328125 0.20185185185185187 0.010416666666666666 0.03148148148148148
25 0.6278645833333333 0.20324074074074075 0.009895833333333333 0.032407407407407406
47 0.6515625 0.20185185185185187 0.009375 0.03148148148148148
20 0.6770833333333334 0.20324074074074075 0.010416666666666666 0.032407407407407406
14 0.7015625 0.20324074074074075 0.010416666666666666 0.030555555555555555
33 0.7247395833333333 0.20092592592592592 0.009895833333333333 0.03148148148148148
21 0.2591145833333333 0.6722222222222223 0.008854166666666666 0.03518518518518519
47 0.30859375 0.6736111111111112 0.009895833333333333 0.030555555555555555
53 0.28489583333333335 0.6736111111111112 0.009375 0.030555555555555555
46 0.33359375 0.6736111111111112 0.0109375 0.030555555555555555
9 0.35833333333333334 0.675 0.0125 0.03148148148148148