50 0.18994270833333332 0.7638888888888888 0.011203125000000001 0.037037037037037035
37 0.213375 0.7662037037037037 0.0077239583333333335 0.02623148148148148
32 0.2611145833333333 0.6736111111111112 0.009447916666666667 0.03858333333333334
33 0.28541666666666665 0.6751574074074074 0.012916666666666667 0.032407407407407406
10 0.30928125 0.6720648148148148 0.010302083333333333 0.03549074074074074
16 0.3335885416666667 0.6736111111111112 0.010296875 0.03549074074074074
13 0.35658854166666665 0.6728425925925926 0.011161458333333334 0.027777777777777776
36 0.43991145833333334 0.6712962962962963 0.00940625 0.037037037037037035
4 0.4629114583333333 0.6743796296296297 0.012005208333333333 0.03086111111111111
47 0.42385416666666664 0.5825648148148148 0.008541666666666666 0.029324074074074075
51 0.44815625000000003 0.581787037037037 0.008536458333333333 0.03086111111111111