32 0.5380208333333333 0.11203703703703703 0.010416666666666666 0.03333333333333333
34 0.5591145833333333 0.10972222222222222 0.011979166666666667 0.032407407407407406
24 0.6270833333333333 0.2013888888888889 0.010416666666666666 0.03611111111111111
26 0.653125 0.20324074074074075 0.007291666666666667 0.030555555555555555
23 0.6783854166666666 0.2037037037037037 0.008854166666666666 0.03148148148148148
22 0.7018229166666666 0.20416666666666666 0.008854166666666666 0.03425925925925926
31 0.7255208333333333 0.2064814814814815 0.008333333333333333 0.03148148148148148
3 0.809375 0.20185185185185187 0.010416666666666666 0.02962962962962963
43 0.8309895833333333 0.2013888888888889 0.008854166666666666 0.030555555555555555
21 0.665625 0.3351851851851852 0.0125 0.03333333333333333
37 0.6885416666666667 0.3347222222222222 0.008333333333333333 0.028703703703703703
23 0.2596354166666667 0.6773148148148148 0.0078125 0.030555555555555555