47 0.26015625 0.20277777777777778 0.011979166666666667 0.02962962962962963
12 0.28515625 0.20277777777777778 0.0109375 0.03333333333333333
6 0.30885416666666665 0.20092592592592592 0.011458333333333333 0.03333333333333333
39 0.33255208333333336 0.20324074074074075 0.009895833333333333 0.032407407407407406
9 0.6291666666666667 0.20416666666666666 0.011458333333333333 0.03611111111111111
33 0.653125 0.20324074074074075 0.010416666666666666 0.032407407407407406
45 0.67734375 0.20046296296296295 0.009895833333333333 0.032407407407407406
31 0.6052083333333333 0.5393518518518519 0.009375 0.028703703703703703
32 0.6278645833333333 0.5388888888888889 0.008854166666666666 0.03148148148148148
17 0.6276041666666666 0.6722222222222223 0.010416666666666666 0.037037037037037035
51 0.65234375 0.675 0.009895833333333333 0.02962962962962963
9 0.6778645833333333 0.675 0.011979166666666667 0.03518518518518519
19 0.7015625 0.675 0.010416666666666666 0.03148148148148148
44 0.7260416666666667 0.675 0.008333333333333333 0.02962962962962963
37 0.66640625 0.8055555555555556 0.0109375 0.03148148148148148
15 0.6880208333333333 0.8055555555555556 0.011458333333333333 0.03148148148148148
28 0.771875 0.7643518518518518 0.009375 0.028703703703703703
36 0.7958333333333333 0.7666666666666667 0.009375 0.024074074074074074