50 0.1890625 0.7662037037037037 0.010416666666666666 0.030555555555555555
37 0.21354166666666666 0.7643518518518518 0.009375 0.025
32 0.2604166666666667 0.6736111111111112 0.010416666666666666 0.030555555555555555
33 0.28359375 0.6736111111111112 0.0109375 0.032407407407407406
10 0.30911458333333336 0.674537037037037 0.0078125 0.030555555555555555
16 0.33151041666666664 0.6736111111111112 0.009895833333333333 0.030555555555555555
13 0.35598958333333336 0.6726851851851852 0.0078125 0.026851851851851852
36 0.43984375 0.674074074074074 0.009895833333333333 0.02962962962962963
4 0.4630208333333333 0.6712962962962963 0.008333333333333333 0.027777777777777776
47 0.42473958333333334 0.5824074074074074 0.011979166666666667 0.027777777777777776
51 0.44869791666666664 0.5847222222222223 0.009895833333333333 0.030555555555555555