43 0.2591145833333333 0.6722222222222223 0.009895833333333333 0.03518518518518519
34 0.28567708333333336 0.674074074074074 0.009895833333333333 0.02962962962962963
33 0.30859375 0.674537037037037 0.009895833333333333 0.032407407407407406
17 0.3333333333333333 0.6759259259259259 0.0125 0.03518518518518519
26 0.35859375 0.674537037037037 0.0109375 0.03796296296296296
42 0.6278645833333333 0.20185185185185187 0.009895833333333333 0.03148148148148148
34 0.65390625 0.20046296296296295 0.0109375 0.032407407407407406
46 0.678125 0.20277777777777778 0.011458333333333333 0.02962962962962963
1 0.7010416666666667 0.20092592592592592 0.0125 0.03518518518518519
4 0.7265625 0.06898148148148148 0.010416666666666666 0.03425925925925926
5 0.7486979166666666 0.06759259259259259 0.013020833333333334 0.03333333333333333
39 0.7934895833333333 0.11157407407407408 0.0109375 0.030555555555555555
52 0.8171875 0.10833333333333334 0.008333333333333333 0.03333333333333333
49 0.8096354166666667 0.20046296296296295 0.011979166666666667 0.028703703703703703
37 0.8322916666666667 0.20185185185185187 0.007291666666666667 0.03148148148148148
12 0.7734375 0.29444444444444445 0.010416666666666666 0.02962962962962963
48 0.79453125 0.29259259259259257 0.011979166666666667 0.027777777777777776