13 0.2604166666666667 0.20555555555555555 0.010416666666666666 0.03518518518518519
1 0.284375 0.20185185185185187 0.008333333333333333 0.03148148148148148
39 0.30833333333333335 0.20324074074074075 0.010416666666666666 0.032407407407407406
13 0.1546875 0.6722222222222223 0.010416666666666666 0.027777777777777776
15 0.17630208333333333 0.6708333333333333 0.0109375 0.032407407407407406
29 0.18932291666666667 0.7643518518518518 0.011979166666666667 0.03425925925925926
38 0.21380208333333334 0.7662037037037037 0.009895833333333333 0.030555555555555555
8 0.2596354166666667 0.6759259259259259 0.008854166666666666 0.03333333333333333
21 0.28463541666666664 0.675 0.009895833333333333 0.02962962962962963
6 0.30885416666666665 0.6722222222222223 0.0125 0.02962962962962963
18 0.3333333333333333 0.6736111111111112 0.008333333333333333 0.032407407407407406
17 0.3578125 0.674537037037037 0.009375 0.030555555555555555
49 0.4046875 0.7657407407407407 0.011458333333333333 0.03148148148148148
51 0.42864583333333334 0.7625 0.010416666666666666 0.030555555555555555