12 0.2602447916666667 0.20601851851851852 0.007713541666666667 0.03549074074074074
31 0.28454687500000003 0.20447222222222222 0.009442708333333332 0.03858333333333334
28 0.3084166666666667 0.20601851851851852 0.008567708333333333 0.03549074074074074
11 0.33315104166666665 0.20447222222222222 0.009432291666666667 0.032407407407407406
51 0.35658854166666665 0.20601851851851852 0.009427083333333334 0.032407407407407406
52 0.40432291666666664 0.2962962962962963 0.011151041666666667 0.03395370370370371
37 0.42776041666666664 0.29398148148148145 0.011145833333333332 0.032407407407407406
44 0.19080729166666668 0.29398148148148145 0.009463541666666667 0.03549074074074074
10 0.21294270833333334 0.29398148148148145 0.010328124999999999 0.032407407407407406
36 0.6282552083333334 0.20215740740740742 0.007625000000000001 0.037037037037037035
7 0.6529947916666666 0.20447222222222222 0.008489583333333333 0.03549074074074074
48 0.6768593749999999 0.20293518518518516 0.009348958333333332 0.032407407407407406
49 0.4407760416666667 0.19830555555555554 0.011140625 0.032407407407407406
42 0.46334375 0.20062037037037037 0.009401041666666667 0.03395370370370371