12 0.26015625 0.2013888888888889 0.0067708333333333336 0.026851851851851852
31 0.28359375 0.2023148148148148 0.0078125 0.030555555555555555
28 0.3072916666666667 0.20185185185185187 0.00625 0.03148148148148148
11 0.33307291666666666 0.20462962962962963 0.009895833333333333 0.027777777777777776
51 0.3572916666666667 0.20416666666666666 0.008333333333333333 0.026851851851851852
49 0.43984375 0.20092592592592592 0.009895833333333333 0.03148148148148148
42 0.4635416666666667 0.20046296296296295 0.008333333333333333 0.028703703703703703
44 0.18984375 0.29305555555555557 0.0078125 0.025
10 0.21276041666666667 0.29212962962962963 0.0078125 0.025
52 0.4041666666666667 0.2916666666666667 0.007291666666666667 0.02962962962962963
37 0.42734375 0.2935185185185185 0.005729166666666666 0.025925925925925925
36 0.628125 0.2037037037037037 0.009375 0.03148148148148148
7 0.6528645833333333 0.20277777777777778 0.008854166666666666 0.02962962962962963
48 0.6765625 0.2013888888888889 0.009375 0.026851851851851852