30 0.5473544973544974 0.14490079365079364 0.039074074074074074 0.019072420634920637
30 0.4391236772486773 0.20723462301587303 0.04093584656084656 0.019072420634920637
26 0.620542328042328 0.19700148809523807 0.027910052910052913 0.016282242063492065
26 0.5281283068783068 0.2665451388888889 0.04651785714285714 0.019536210317460317
6 0.5650330687830688 0.32887896825396823 0.03473214285714286 0.013955853174603175
6 0.45586970899470897 0.4014459325396826 0.03473214285714286 0.013025793650793652
33 0.6081382275132275 0.3900496031746032 0.03287367724867725 0.01721230158730159
33 0.5014583333333333 0.45401041666666664 0.03535383597883598 0.013025793650793652
8 0.5579001322751322 0.5251810515873017 0.03535383597883598 0.014885912698412699
8 0.4583531746031746 0.6107738095238094 0.037215608465608466 0.013955853174603175
14 0.5160350529100529 0.632405753968254 0.03101190476190476 0.008839285714285714
14 0.6121693121693121 0.553092757936508 0.03101190476190476 0.013025793650793652
0 0.565651455026455 0.6959002976190476 0.03473214285714286 0.016746031746031745
0 0.4592824074074074 0.7840525793650794 0.037833994708994706 0.014419642857142857
1 0.5064186507936508 0.8180084325396826 0.03287367724867725 0.01255952380952381
1 0.6074107142857142 0.7304141865079365 0.0292228835978836 0.010734126984126985