24 0.2988624338624339 0.20452380952380952 0.03153108465608465 0.04779761904761905
24 0.4290046296296296 0.37609126984126984 0.030188492063492067 0.04880456349206349
19 0.1938723544973545 0.30389136904761904 0.04025132275132275 0.05232638888888889
19 0.3927777777777778 0.44250496031746034 0.036894841269841265 0.04980902777777778
50 0.7006283068783068 0.43043898809523806 0.047539682539682535 0.027497519841269843
7 0.8035681216931216 0.42877728174603175 0.044722222222222226 0.03263392857142858
7 0.7602546296296298 0.5868105158730159 0.05237433862433862 0.030820932539682537
50 0.656712962962963 0.5955753968253968 0.05157076719576719 0.03142609126984127
21 0.44765873015873014 0.5957762896825397 0.06321428571428571 0.021770833333333333
21 0.2651124338624339 0.757361111111111 0.07869378306878307 0.026607142857142857
9 0.5737665343915344 0.6499603174603175 0.056117724867724865 0.030478670634920636
9 0.41637566137566134 0.816624503968254 0.07675925925925926 0.029995039682539682