35 0.4473346560846561 0.15883680555555554 0.056021825396825396 0.021009424603174603
35 0.282662037037037 0.2626066468253968 0.07299933862433862 0.021009424603174603
31 0.5415542328042329 0.24223462301587304 0.06621031746031746 0.024828869047619048
31 0.35820767195767195 0.3265873015873016 0.0696031746031746 0.022919146825396825
13 0.546223544973545 0.49752232142857145 0.051779100529100536 0.03501488095238096
13 0.502933201058201 0.6745014880952381 0.0670568783068783 0.03501488095238096
47 0.4193220899470899 0.4946577380952381 0.06111441798941799 0.04074404761904762
47 0.35226521164021163 0.6862797619047619 0.06790674603174603 0.03564980158730159
52 0.7906878306878307 0.5436755952380952 0.03989417989417989 0.04456349206349206
52 0.9303207671957672 0.6337599206349207 0.027162698412698413 0.04265376984126984
17 0.7338161375661375 0.6009722222222222 0.03650132275132275 0.04711061507936508
17 0.8967890211640211 0.692328869047619 0.028012566137566135 0.02992063492063492