14 0.1477281746031746 0.1686433531746032 0.08161706349206349 0.04958333333333333
14 0.4505324074074074 0.16650049603174605 0.07182539682539682 0.046522817460317466
17 0.5252149470899471 0.11171626984126984 0.036729497354497355 0.061825396825396825
17 0.6941633597883599 0.28311507936507935 0.03346230158730159 0.05447916666666667
28 0.21261574074074074 0.3222916666666667 0.03835978835978836 0.06427331349206349
28 0.36891534391534386 0.5334771825396826 0.032648809523809524 0.06060267857142857
38 0.6913095238095238 0.5487822420634921 0.06039682539682539 0.023874007936507936
38 0.4974636243386243 0.6803918650793651 0.06937499999999999 0.023874007936507936
22 0.19343584656084659 0.711609623015873 0.03427910052910053 0.0654985119047619
22 0.37013888888888885 0.8765823412698412 0.028564814814814814 0.05876488095238095
30 0.4668584656084656 0.8410788690476191 0.05386904761904762 0.046522817460317466
30 0.686412037037037 0.8882118055555556 0.0391765873015873 0.048970734126984126