15 0.3995734126984127 0.07782738095238095 0.05128968253968254 0.0438343253968254
15 0.4401256613756614 0.27239583333333334 0.04293981481481481 0.04562251984126984
16 0.5310747354497355 0.08297123015873016 0.05188492063492064 0.04070188492063492
16 0.5280919312169312 0.2757490079365079 0.04592261904761905 0.04070188492063492
53 0.6434920634920636 0.4953670634920635 0.05009589947089947 0.03175595238095238
53 0.4425132275132275 0.5338318452380952 0.052480158730158724 0.029072420634920635
43 0.6783796296296296 0.559327876984127 0.04950066137566138 0.030863095238095238
43 0.4779960317460318 0.5924255952380952 0.05665674603174604 0.029072420634920635
22 0.5770238302784182 0.7603215544308018 0.5790727631580027 0.7798745341821981 0.6303085330515878 0.7766244411273475 0.6288652719278247 0.7592906115014779
22 0.40377230051407487 0.8848460914489236 0.40588142830644747 0.9028363880907114 0.4657767649426102 0.8979612485084355 0.4628902426950844 0.878460690179332
42 0.6391056284439744 0.8036344368718877 0.6389680997941655 0.8199590151920217 0.6880389780021062 0.8188756508404049 0.6873173474402248 0.802625185566152
42 0.5228827272270609 0.9189549863712787 0.4679416566282547 0.9196285355407727 0.4686632871901363 0.9347956364634087 0.5278369932644176 0.9315455434085582