36 0.4443617724867725 0.2887078373015873 0.061964285714285715 0.028648313492063492
36 0.2627149470899471 0.407437996031746 0.08403439153439153 0.022919146825396825
14 0.38239748677248675 0.439905753968254 0.07384920634920634 0.028010912698412698
14 0.5661706349206349 0.33422619047619045 0.0696031746031746 0.024191468253968257
18 0.690949074074074 0.33231646825396827 0.023766534391534394 0.05093005952380952
18 0.8119080687830688 0.456140873015873 0.017824074074074072 0.046473214285714284
3 0.739755291005291 0.26961061507936507 0.024616402116402116 0.045200892857142856
3 0.8573181216931217 0.3940699404761905 0.018673941798941798 0.04074404761904762
12 0.6068981481481481 0.5982142857142857 0.02046626984126984 0.04837797619047619
12 0.7228802910052909 0.7205555555555556 0.019226190476190477 0.04279513888888889
20 0.5271990740740741 0.6428720238095238 0.021087962962962965 0.047447916666666666
20 0.646901455026455 0.7707936507936508 0.018607804232804233 0.03814484126984127