11 0.21668320105820105 0.32804315476190476 0.06842592592592592 0.03421378968253968
11 0.43772486772486774 0.263390376984127 0.05970568783068783 0.03169642857142857
44 0.4860251322751323 0.31445684523809525 0.05165343915343915 0.030188492063492063
44 0.2787367724867725 0.3869097222222222 0.06104828042328043 0.02817460317460317
10 0.6131514550264551 0.3011259920634921 0.026835317460317462 0.04377232142857143
10 0.7600661375661376 0.383891369047619 0.028174603174603175 0.041257440476190475
34 0.5879960317460318 0.3730729166666667 0.036894841269841265 0.04075396825396825
34 0.7379265873015872 0.444265873015873 0.030859788359788358 0.039243551587301584
29 0.4843568633700452 0.7189099058591326 0.4601227014438236 0.7312076050687378 0.4950144561225465 0.759050312654724 0.5151322245859543 0.7463087346068997
29 0.6535306326418046 0.7276358763001946 0.6374105360276049 0.7406458110300891 0.6691588893839204 0.7630615501882984 0.6829898552025132 0.7533873890779134
49 0.47995457197635627 0.7792841878297232 0.46042349420124384 0.7901619041820239 0.4924861876898 0.8208360735564155 0.5056884732439114 0.8123416881911995 0.4811699429291331 0.7776562812832335
49 0.6356070176817854 0.8042829139581709 0.6588124320105486 0.8333416964552062 0.6726433978291414 0.8246113559409562 0.6487535477788446 0.7979484241001387