32 0.7213657407407407 0.13399801587301588 0.0691931216931217 0.03407986111111111
32 0.4874503968253968 0.23313988095238095 0.08468253968253968 0.03562996031746032
37 0.8205059523809524 0.20602926587301587 0.07539021164021163 0.037177579365079365
37 0.6093121693121692 0.31717757936507934 0.07022486772486773 0.033306051587301586
51 0.7198148148148148 0.4314236111111111 0.06816137566137566 0.026334325396825398
51 0.5143022486772487 0.5642584325396826 0.08468253968253968 0.02246279761904762
5 0.8137929894179894 0.48099454365079364 0.0578339947089947 0.02478670634920635
5 0.6196395502645502 0.6169295634920635 0.07229166666666667 0.025560515873015874
2 0.7198148148148148 0.7656423611111112 0.07435515873015873 0.02710813492063492
2 0.49674603174603177 0.9008010912698413 0.07022486772486773 0.026334325396825398
23 0.7936541005291006 0.8256696428571428 0.07125992063492063 0.026334325396825398
23 0.5958862433862434 0.9647023809523809 0.06816137566137566 0.019362599206349206