4 0.5249404761904762 0.0955952380952381 0.04711640211640211 0.057085813492063486
4 0.5660185185185186 0.29131448412698413 0.04470238095238095 0.046212797619047626
25 0.5823280423280424 0.06433531746031745 0.038660714285714284 0.05799107142857143
25 0.6457572751322751 0.2550719246031746 0.030205026455026457 0.049836309523809526
39 0.6807936507936507 0.6714310515873015 0.04953373015873016 0.023559027777777776
39 0.5207142857142858 0.7824280753968254 0.05074074074074074 0.022653769841269843
46 0.7200595238095239 0.7085813492063492 0.04832671957671957 0.02174603174603175
40 0.5847453703703703 0.8309052579365079 0.06282407407407407 0.02174603174603175
28 0.5056117724867725 0.44535466269841273 0.05678240740740741 0.035337301587301584
28 0.4361441798941799 0.6166096230158731 0.06282407407407407 0.040776289682539685
27 0.38177579365079367 0.44263640873015875 0.07249007936507937 0.040776289682539685
27 0.3207638888888889 0.6388095238095237 0.06886574074074074 0.04530505952380952