4 0.352734375 0.03958333333333333 0.04453125 0.0375
4 0.25 0.26666666666666666 0.05 0.044444444444444446
42 0.4265625 0.03680555555555556 0.01875 0.07083333333333333
42 0.552734375 0.22777777777777777 0.01640625 0.075
35 0.589453125 0.21875 0.02734375 0.06805555555555555
35 0.636328125 0.5118055555555555 0.03359375 0.07361111111111111
46 0.662890625 0.14097222222222222 0.02734375 0.07083333333333333
7 0.69921875 0.1125 0.0234375 0.07222222222222222
7 0.853515625 0.28888888888888886 0.02734375 0.075
46 0.730078125 0.4125 0.02890625 0.07222222222222222
49 0.803515625 0.4465277777777778 0.05078125 0.029166666666666667
49 0.6546875 0.6479166666666667 0.0546875 0.03194444444444444
32 0.81796875 0.7298611111111111 0.0515625 0.04583333333333333
20 0.48984375 0.33194444444444443 0.028125 0.075
20 0.5640625 0.6243055555555556 0.03125 0.08194444444444444
36 0.391015625 0.5944444444444444 0.02421875 0.08611111111111111
36 0.50078125 0.9013888888888889 0.025 0.09444444444444444
24 0.58671875 0.8444444444444444 0.05 0.07222222222222222
12 0.13828125 0.6493055555555556 0.0203125 0.0875
12 0.271484375 0.9145833333333333 0.01796875 0.09583333333333334
45 0.191796875 0.5201388888888889 0.01796875 0.08472222222222223
45 0.3234375 0.76875 0.01875 0.09583333333333334
8 0.301171875 0.525 0.04921875 0.05555555555555555
8 0.498046875 0.4513888888888889 0.04765625 0.04722222222222222
31 0.45859375 0.10069444444444445 0.046875 0.03194444444444444