12 0.15078125 0.1763888888888889 0.0296875 0.08888888888888889
12 0.2296875 0.4826388888888889 0.03125 0.10138888888888889
30 0.559375 0.21597222222222223 0.053125 0.043055555555555555
32 0.6046875 0.25763888888888886 0.0234375 0.0875
32 0.75078125 0.4083333333333333 0.0265625 0.09166666666666666
6 0.670703125 0.10208333333333333 0.02890625 0.09027777777777778
6 0.85234375 0.2701388888888889 0.028125 0.09027777777777778
44 0.616015625 0.6180555555555556 0.02890625 0.10555555555555556
44 0.840234375 0.8701388888888889 0.04296875 0.13472222222222222
25 0.344921875 0.5263888888888889 0.02734375 0.10833333333333334
25 0.4765625 0.8729166666666667 0.0265625 0.12361111111111112
38 0.2609375 0.6944444444444444 0.059375 0.044444444444444446
38 0.0359375 0.9631944444444445 0.059375 0.0625