26 0.1578125 0.12638888888888888 0.0421875 0.044444444444444446
26 0.02109375 0.3416666666666667 0.0421875 0.044444444444444446
28 0.2390625 0.23472222222222222 0.021875 0.04722222222222222
28 0.375 0.36875 0.0234375 0.05416666666666667
33 0.415234375 0.22083333333333333 0.03046875 0.03611111111111111
33 0.597265625 0.19930555555555557 0.03671875 0.04583333333333333
3 0.559375 0.06180555555555556 0.0421875 0.05416666666666667
3 0.75859375 0.030555555555555555 0.0484375 0.06111111111111111
48 0.975390625 0.03611111111111111 0.04453125 0.07222222222222222
19 0.695703125 0.21805555555555556 0.02109375 0.06944444444444445
19 0.835546875 0.33819444444444446 0.02265625 0.0875
27 0.628125 0.44305555555555554 0.0484375 0.06388888888888888
27 0.419921875 0.4618055555555556 0.03671875 0.0625
21 0.49765625 0.4826388888888889 0.053125 0.059722222222222225
21 0.40625 0.8034722222222223 0.0625 0.0763888888888889
34 0.07109375 0.5659722222222222 0.021875 0.09583333333333334
34 0.21796875 0.8208333333333333 0.0265625 0.1111111111111111