28 0.261328125 0.25972222222222224 0.02265625 0.08055555555555556
28 0.3796875 0.5145833333333333 0.0234375 0.09583333333333334
26 0.3 0.1638888888888889 0.01875 0.07777777777777778
26 0.423828125 0.40208333333333335 0.02109375 0.0875
20 0.369140625 0.06805555555555555 0.02109375 0.08333333333333333
20 0.480859375 0.3 0.02421875 0.08333333333333333
3 0.483203125 0.4236111111111111 0.03203125 0.08888888888888889
3 0.6515625 0.6451388888888889 0.034375 0.09861111111111111
34 0.618359375 0.04513888888888889 0.02578125 0.06805555555555555
34 0.770703125 0.24791666666666667 0.02578125 0.07916666666666666
48 0.834375 0.2111111111111111 0.0515625 0.04722222222222222
48 0.657421875 0.3458333333333333 0.05546875 0.05277777777777778
33 0.89921875 0.3923611111111111 0.05625 0.04583333333333333
33 0.725390625 0.5743055555555555 0.05859375 0.04861111111111111