20 0.384765625 0.08611111111111111 0.03671875 0.07777777777777778
5 0.4203125 0.4083333333333333 0.046875 0.05
40 0.307421875 0.7375 0.06328125 0.058333333333333334
31 0.476171875 0.7083333333333334 0.05234375 0.07222222222222222
31 0.499609375 0.36041666666666666 0.03984375 0.06805555555555555
46 0.49765625 0.2777777777777778 0.0203125 0.08611111111111111
46 0.633203125 0.5375 0.02890625 0.09722222222222222
10 0.690625 0.5722222222222222 0.04375 0.06666666666666667
10 0.7171875 0.23958333333333334 0.040625 0.06805555555555555
26 0.684765625 0.40694444444444444 0.02421875 0.08611111111111111
26 0.54765625 0.15763888888888888 0.0203125 0.0763888888888889