0 0.2546875 0.06458333333333334 0.0390625 0.07083333333333333
18 0.4015625 0.2111111111111111 0.0265625 0.07777777777777778
39 0.440625 0.3 0.05 0.05
42 0.369140625 0.3263888888888889 0.05234375 0.05555555555555555
39 0.3421875 0.6111111111111112 0.05625 0.06111111111111111
31 0.360546875 0.7041666666666667 0.05078125 0.06388888888888888
31 0.574609375 0.5826388888888889 0.05234375 0.0625
37 0.4859375 0.6118055555555556 0.046875 0.07361111111111111
51 0.532421875 0.39444444444444443 0.02890625 0.09444444444444444
13 0.684375 0.3854166666666667 0.0453125 0.04861111111111111
30 0.565234375 0.3034722222222222 0.05703125 0.03194444444444444
46 0.635546875 0.018055555555555554 0.05390625 0.03611111111111111
11 0.78203125 0.2611111111111111 0.025 0.08611111111111111
36 0.885546875 0.21180555555555555 0.03203125 0.0875
35 0.9546875 0.2534722222222222 0.0546875 0.05138888888888889
12 0.85546875 0.59375 0.0625 0.059722222222222225
35 0.857421875 0.5354166666666667 0.05703125 0.04583333333333333
19 0.761328125 0.71875 0.04453125 0.09583333333333334
16 0.324609375 0.7618055555555555 0.06484375 0.05138888888888889
1 0.142578125 0.3013888888888889 0.02265625 0.08611111111111111
1 0.28125 0.5493055555555556 0.025 0.09027777777777778
15 0.072265625 0.32708333333333334 0.02734375 0.0875