48 0.380859375 0.16944444444444445 0.05234375 0.03611111111111111
48 0.216796875 0.3798611111111111 0.05546875 0.0375
33 0.499609375 0.6423611111111112 0.04453125 0.09583333333333334
33 0.721484375 0.7388888888888889 0.04140625 0.08611111111111111
4 0.711328125 0.5986111111111111 0.04453125 0.07777777777777778
4 0.49765625 0.5125 0.040625 0.09166666666666666
16 0.4859375 0.38680555555555557 0.0359375 0.07916666666666666
16 0.6921875 0.4798611111111111 0.0421875 0.0875
36 0.67578125 0.35347222222222224 0.040625 0.07916666666666666
36 0.473828125 0.2881944444444444 0.03515625 0.07361111111111111
20 0.6828125 0.275 0.040625 0.075
14 0.5 0.07152777777777777 0.0296875 0.06527777777777778
14 0.683203125 0.19027777777777777 0.03359375 0.06944444444444445