12 0.230859375 0.3402777777777778 0.02421875 0.08333333333333333
12 0.37578125 0.5666666666666667 0.028125 0.1
44 0.422265625 0.10486111111111111 0.02265625 0.07361111111111111
44 0.544921875 0.3416666666666667 0.02421875 0.08611111111111111
29 0.6046875 0.23125 0.0515625 0.029166666666666667
29 0.44609375 0.43333333333333335 0.0546875 0.027777777777777776
47 0.612109375 0.4826388888888889 0.05390625 0.05694444444444444
47 0.802734375 0.3729166666666667 0.05546875 0.06527777777777778
16 0.851171875 0.4548611111111111 0.05703125 0.059722222222222225
16 0.66015625 0.58125 0.05625 0.05694444444444444
53 0.6171875 0.09305555555555556 0.0515625 0.05
53 0.8 0.02361111111111111 0.0578125 0.041666666666666664
49 0.866015625 0.14583333333333334 0.05546875 0.05
49 0.68046875 0.2375 0.05 0.044444444444444446