13 0.3359375 0.11805555555555555 0.053125 0.04722222222222222
13 0.2015625 0.3645833333333333 0.0578125 0.04027777777777778
19 0.14140625 0.4652777777777778 0.0265625 0.09166666666666666
19 0.286328125 0.6006944444444444 0.02578125 0.09027777777777778
12 0.4 0.6798611111111111 0.0546875 0.05138888888888889
12 0.2171875 0.9472222222222222 0.0546875 0.041666666666666664
6 0.378515625 0.5201388888888889 0.02109375 0.0875
6 0.51640625 0.6986111111111111 0.028125 0.1
38 0.45546875 0.27708333333333335 0.021875 0.06805555555555555
38 0.599609375 0.45416666666666666 0.03203125 0.08333333333333333
53 0.813671875 0.06597222222222222 0.06328125 0.07083333333333333
53 0.6515625 0.36736111111111114 0.05625 0.04861111111111111
47 0.929296875 0.4375 0.07421875 0.07222222222222222
47 0.77578125 0.8666666666666667 0.078125 0.06944444444444445
51 0.476953125 0.16527777777777777 0.04765625 0.06111111111111111