50 0.173046875 0.7298611111111111 0.03203125 0.10972222222222222
21 0.26796875 0.23055555555555557 0.01875 0.08611111111111111
21 0.3671875 0.43472222222222223 0.0203125 0.08888888888888889
7 0.497265625 0.12013888888888889 0.02421875 0.08472222222222223
7 0.592578125 0.3951388888888889 0.03046875 0.10972222222222222
3 0.70078125 0.3347222222222222 0.0640625 0.05277777777777778
3 0.510546875 0.6 0.06171875 0.05
8 0.904296875 0.41944444444444445 0.07421875 0.06388888888888888
8 0.712109375 0.7694444444444445 0.07265625 0.06111111111111111
28 0.375 0.9361111111111111 0.05625 0.08333333333333333
28 0.634375 0.8326388888888889 0.065625 0.08472222222222223
27 0.24296875 0.6541666666666667 0.0515625 0.044444444444444446
27 0.41796875 0.42569444444444443 0.0484375 0.043055555555555555