37 0.21875 0.09583333333333334 0.025 0.06944444444444445
37 0.274609375 0.3625 0.02421875 0.07222222222222222
21 0.3109375 0.3638888888888889 0.0296875 0.06944444444444445
43 0.34765625 0.3715277777777778 0.03125 0.06805555555555555
47 0.381640625 0.3736111111111111 0.02109375 0.075
17 0.408984375 0.3784722222222222 0.01796875 0.0763888888888889
25 0.442578125 0.3875 0.01796875 0.08055555555555556
29 0.483203125 0.3798611111111111 0.01796875 0.0763888888888889
13 0.50625 0.39791666666666664 0.015625 0.07083333333333333
14 0.534765625 0.41875 0.01796875 0.07361111111111111
5 0.6 0.3888888888888889 0.015625 0.08055555555555556
9 0.63046875 0.43194444444444446 0.0171875 0.08333333333333333
51 0.6578125 0.4479166666666667 0.0171875 0.08194444444444444
1 0.683984375 0.4583333333333333 0.02109375 0.075
33 0.72109375 0.45625 0.0171875 0.07916666666666666
34 0.103125 0.5215277777777778 0.034375 0.07916666666666666
34 0.13203125 0.8701388888888889 0.034375 0.09305555555555556
2 0.18671875 0.8652777777777778 0.040625 0.09166666666666666
2 0.236328125 0.8375 0.02421875 0.09166666666666666
26 0.28046875 0.8055555555555556 0.0265625 0.09166666666666666
6 0.3140625 0.8784722222222222 0.03125 0.09027777777777778
48 0.37109375 0.8854166666666666 0.03125 0.0875
22 0.428515625 0.88125 0.03046875 0.0875
10 0.4859375 0.8826388888888889 0.025 0.08472222222222223
30 0.5125 0.9 0.021875 0.08888888888888889
38 0.58984375 0.8791666666666667 0.021875 0.09444444444444444
44 0.629296875 0.8652777777777778 0.02109375 0.09166666666666666
52 0.67265625 0.8729166666666667 0.0234375 0.09027777777777778