5 0.886328125 0.08958333333333333 0.05390625 0.05416666666666667
10 0.82109375 0.13194444444444445 0.0515625 0.05
20 0.81171875 0.21805555555555556 0.0609375 0.044444444444444446
39 0.617578125 0.33958333333333335 0.05234375 0.0375
4 0.46640625 0.0625 0.0453125 0.04722222222222222
50 0.585546875 0.14930555555555555 0.03515625 0.0763888888888889
4 0.36015625 0.30833333333333335 0.05 0.05277777777777778
37 0.534375 0.41458333333333336 0.0484375 0.043055555555555555
37 0.355078125 0.5840277777777778 0.05078125 0.04861111111111111
31 0.60234375 0.43125 0.046875 0.07361111111111111
31 0.558203125 0.7875 0.05390625 0.08055555555555556
0 0.64375 0.7590277777777777 0.0625 0.08472222222222223
0 0.877734375 0.6694444444444444 0.06484375 0.08055555555555556