50 0.152734375 0.04513888888888889 0.02578125 0.07916666666666666
50 0.26015625 0.25833333333333336 0.021875 0.08333333333333333
46 0.29140625 0.28194444444444444 0.0265625 0.08055555555555556
24 0.32109375 0.30625 0.0265625 0.07916666666666666
28 0.377734375 0.2798611111111111 0.02265625 0.0875
16 0.41875 0.275 0.021875 0.075
36 0.44296875 0.275 0.021875 0.08055555555555556
12 0.477734375 0.2861111111111111 0.02109375 0.08055555555555556
42 0.517578125 0.28680555555555554 0.01953125 0.08472222222222223
8 0.539453125 0.30486111111111114 0.02734375 0.08472222222222223
20 0.596875 0.2951388888888889 0.0234375 0.08472222222222223
32 0.629296875 0.29375 0.02578125 0.09027777777777778
4 0.6546875 0.3 0.0265625 0.08333333333333333
0 0.68125 0.2861111111111111 0.0265625 0.08333333333333333
15 0.1859375 0.4375 0.0234375 0.08333333333333333
15 0.275 0.7277777777777777 0.028125 0.09166666666666666
19 0.313671875 0.7236111111111111 0.02578125 0.09722222222222222
31 0.34140625 0.725 0.028125 0.09722222222222222
35 0.375390625 0.7125 0.02734375 0.1
49 0.4046875 0.7104166666666667 0.03125 0.09861111111111111
3 0.43359375 0.7222222222222222 0.0296875 0.09444444444444444
27 0.4671875 0.6972222222222222 0.0234375 0.08611111111111111
23 0.502734375 0.7034722222222223 0.02421875 0.0875
53 0.5390625 0.6888888888888889 0.01875 0.08611111111111111
11 0.5734375 0.6986111111111111 0.0234375 0.08611111111111111
39 0.605859375 0.69375 0.01953125 0.09861111111111111
7 0.628515625 0.7069444444444445 0.02265625 0.1
45 0.6671875 0.6916666666666667 0.0203125 0.09722222222222222