42 0.3671875 0.09097222222222222 0.053125 0.06805555555555555
42 0.276171875 0.4111111111111111 0.05546875 0.075
18 0.33984375 0.5576388888888889 0.0203125 0.09027777777777778
18 0.434375 0.7951388888888888 0.021875 0.1125
11 0.49375 0.35833333333333334 0.0265625 0.07777777777777778
11 0.68203125 0.5333333333333333 0.034375 0.10833333333333334
36 0.80234375 0.39652777777777776 0.0703125 0.0625
36 0.622265625 0.7229166666666667 0.06796875 0.05416666666666667
35 0.90703125 0.4 0.075 0.058333333333333334
35 0.72265625 0.7277777777777777 0.078125 0.058333333333333334
46 0.683203125 0.18958333333333333 0.05390625 0.0875
32 0.94453125 0.24444444444444444 0.0484375 0.10277777777777777