11 0.482421875 0.6034722222222222 0.02890625 0.09861111111111111
11 0.67265625 0.8208333333333333 0.0359375 0.11388888888888889
32 0.691796875 0.7034722222222223 0.02578125 0.10416666666666667
32 0.533203125 0.4486111111111111 0.02734375 0.09444444444444444
39 0.569921875 0.3333333333333333 0.01953125 0.08055555555555556
39 0.724609375 0.5854166666666667 0.02890625 0.09861111111111111
15 0.740625 0.47152777777777777 0.021875 0.0875
15 0.587890625 0.2361111111111111 0.01953125 0.08611111111111111
42 0.61171875 0.11944444444444445 0.0234375 0.08333333333333333
42 0.752734375 0.35208333333333336 0.02109375 0.08472222222222223
37 0.781640625 0.2590277777777778 0.02421875 0.07916666666666666
37 0.648828125 0.03194444444444444 0.02265625 0.06388888888888888