44 0.326171875 0.05486111111111111 0.04140625 0.05694444444444444
44 0.261328125 0.35208333333333336 0.04453125 0.05416666666666667
2 0.47578125 0.12916666666666668 0.046875 0.05277777777777778
2 0.37578125 0.4166666666666667 0.05 0.06111111111111111
14 0.402734375 0.4444444444444444 0.03828125 0.08055555555555556
14 0.451953125 0.8048611111111111 0.03203125 0.09305555555555556
20 0.3109375 0.5805555555555556 0.03125 0.09722222222222222
20 0.390625 0.9409722222222222 0.03125 0.10416666666666667
4 0.5453125 0.6152777777777778 0.0375 0.09166666666666666
4 0.766796875 0.7340277777777777 0.04609375 0.10694444444444444
5 0.548046875 0.7784722222222222 0.04453125 0.09305555555555556
5 0.78203125 0.8548611111111111 0.05 0.09027777777777778
23 0.6171875 0.4965277777777778 0.028125 0.10138888888888889
23 0.500390625 0.22152777777777777 0.02421875 0.0875
25 0.585546875 0.12638888888888888 0.01640625 0.08611111111111111
25 0.694140625 0.40347222222222223 0.02109375 0.08472222222222223
22 0.70234375 0.04375 0.0203125 0.06805555555555555
22 0.8078125 0.31666666666666665 0.025 0.08333333333333333
45 0.858203125 0.20902777777777778 0.04453125 0.06805555555555555
45 0.865234375 0.5409722222222222 0.04921875 0.06527777777777778
10 0.9453125 0.5645833333333333 0.0515625 0.07916666666666666
10 0.7140625 0.5041666666666667 0.0484375 0.08055555555555556