7 0.077734375 0.36527777777777776 0.04140625 0.10833333333333334
7 0.12734375 0.7388888888888889 0.0375 0.11666666666666667
22 0.2015625 0.6430555555555556 0.025 0.09444444444444444
22 0.35625 0.8881944444444444 0.028125 0.12083333333333333
12 0.4234375 0.5479166666666667 0.0234375 0.08194444444444444
12 0.569921875 0.5798611111111112 0.03203125 0.07916666666666666
23 0.650390625 0.6069444444444444 0.05546875 0.1
1 0.85703125 0.3541666666666667 0.0484375 0.07222222222222222
17 0.60234375 0.34375 0.0515625 0.06805555555555555
45 0.4203125 0.13958333333333334 0.025 0.06805555555555555
45 0.492578125 0.28680555555555554 0.02578125 0.07361111111111111
15 0.6328125 0.1527777777777778 0.0578125 0.03888888888888889
15 0.831640625 0.08333333333333333 0.05703125 0.030555555555555555