42 0.198828125 0.6277777777777778 0.02421875 0.08333333333333333
45 0.253125 0.5 0.025 0.07777777777777778
45 0.362109375 0.7826388888888889 0.02578125 0.0875
42 0.31015625 0.9236111111111112 0.028125 0.09722222222222222
51 0.2721328125 0.15045833333333333 0.018226562499999998 0.0663611111111111
51 0.375 0.38116666666666665 0.020835937500000002 0.07716666666666668
52 0.40321093750000003 0.32406944444444447 0.018226562499999998 0.07406944444444444
53 0.5138906249999999 0.08333333333333333 0.017359375 0.06790277777777778
53 0.6328125 0.2986111111111111 0.020835937500000002 0.0756111111111111
50 0.48524218750000003 0.16358333333333333 0.020835937500000002 0.07406944444444444
50 0.6089375 0.38272222222222224 0.021703125 0.07406944444444444
44 0.694875 0.5378055555555556 0.025171875 0.084875
44 0.8532968750000001 0.8078749999999999 0.026039062499999998 0.10338888888888889
43 0.6870625 0.6504583333333334 0.01996875 0.08795833333333333
43 0.8350703125000001 0.9521666666666666 0.024304687499999998 0.09568055555555556
48 0.46788281249999997 0.5586388888888889 0.017359375 0.08333333333333333
48 0.602 0.8418194444444445 0.021703125 0.09722222222222222
47 0.423609375 0.6543194444444445 0.01909375 0.08641666666666667
47 0.5633671875 0.9390416666666667 0.020835937500000002 0.10338888888888889
49 0.7118046875 0.10802777777777778 0.017359375 0.07098611111111111
49 0.8311640625000001 0.34105555555555556 0.01996875 0.08641666666666667
46 0.6783828125 0.20525 0.018226562499999998 0.07098611111111111
46 0.80859375 0.4351805555555555 0.01996875 0.07716666666666668