16 0.083203125 0.475 0.03828125 0.06944444444444445
16 0.265234375 0.45416666666666666 0.04765625 0.07222222222222222
38 0.076953125 0.6388888888888888 0.04609375 0.07222222222222222
29 0.38046875 0.9555555555555556 0.05625 0.03611111111111111
29 0.56015625 0.7041666666666667 0.053125 0.03611111111111111
49 0.45703125 0.6152777777777778 0.0328125 0.09166666666666666
49 0.6515625 0.7715277777777778 0.040625 0.09861111111111111
53 0.36875 0.5166666666666667 0.046875 0.041666666666666664
53 0.54921875 0.35625 0.053125 0.04861111111111111
24 0.587890625 0.20694444444444443 0.03828125 0.07777777777777778
24 0.77265625 0.30416666666666664 0.0421875 0.08333333333333333
51 0.7875 0.030555555555555555 0.04375 0.06111111111111111
47 0.94765625 0.2222222222222222 0.0546875 0.06944444444444445
43 0.8609375 0.4638888888888889 0.0640625 0.07222222222222222
43 0.634375 0.5375 0.05 0.06944444444444445