38 0.366015625 0.16875 0.04453125 0.029166666666666667
38 0.209375 0.35 0.046875 0.027777777777777776
21 0.098828125 0.6104166666666667 0.05390625 0.034722222222222224
21 0.2859375 0.42569444444444443 0.0484375 0.0375
25 0.11953125 0.7513888888888889 0.0234375 0.10277777777777777
17 0.309375 0.7013888888888888 0.01875 0.08888888888888889
5 0.43203125 0.26805555555555555 0.015625 0.075
5 0.563671875 0.48541666666666666 0.01796875 0.08194444444444444
9 0.4125 0.36666666666666664 0.015625 0.06944444444444445
9 0.534375 0.6166666666666667 0.015625 0.08333333333333333
30 0.376953125 0.46944444444444444 0.01953125 0.07777777777777778
30 0.503515625 0.7319444444444444 0.01796875 0.08611111111111111
2 0.340234375 0.5763888888888888 0.02265625 0.08333333333333333
2 0.465234375 0.8597222222222223 0.02265625 0.09166666666666666
10 0.588671875 0.5861111111111111 0.02109375 0.08611111111111111
22 0.63125 0.7097222222222223 0.0171875 0.08611111111111111
48 0.7125 0.8861111111111111 0.021875 0.09166666666666666
13 0.753125 0.7020833333333333 0.021875 0.0875
14 0.627734375 0.3701388888888889 0.01796875 0.07361111111111111
14 0.77421875 0.6069444444444444 0.021875 0.08055555555555556
34 0.82265625 0.5472222222222223 0.0203125 0.08055555555555556