8 0.075 0.4097222222222222 0.0328125 0.08333333333333333
21 0.1 0.46944444444444444 0.0515625 0.058333333333333334
7 0.072265625 0.10972222222222222 0.02421875 0.07222222222222222
7 0.2421875 0.2520833333333333 0.0265625 0.08194444444444444
52 0.3328125 0.7479166666666667 0.053125 0.05138888888888889
52 0.471875 0.45 0.0515625 0.041666666666666664
24 0.305078125 0.3125 0.03046875 0.08333333333333333
53 0.37109375 0.25416666666666665 0.0390625 0.07222222222222222
49 0.3890625 0.29444444444444445 0.040625 0.07222222222222222
6 0.613671875 0.03333333333333333 0.03828125 0.06666666666666667
6 0.655078125 0.32708333333333334 0.02734375 0.07361111111111111
48 0.736328125 0.24027777777777778 0.05234375 0.05
48 0.549609375 0.38472222222222224 0.05546875 0.041666666666666664
33 0.6671875 0.49722222222222223 0.053125 0.044444444444444446
26 0.64609375 0.7770833333333333 0.046875 0.09305555555555556
43 0.605859375 0.5777777777777777 0.05390625 0.06388888888888888
29 0.803515625 0.7256944444444444 0.03515625 0.09861111111111111
3 0.79375 0.40347222222222223 0.028125 0.09305555555555556
3 0.973046875 0.6694444444444444 0.03359375 0.10277777777777777
34 0.821484375 0.2638888888888889 0.02421875 0.08333333333333333
27 0.705859375 0.034722222222222224 0.04453125 0.06944444444444445
27 0.909765625 0.059722222222222225 0.05078125 0.06666666666666667
28 0.971484375 0.8236111111111111 0.05703125 0.05277777777777778
38 0.178125 0.7597222222222222 0.0328125 0.09444444444444444
38 0.366796875 0.9506944444444444 0.03203125 0.09861111111111111
34 0.988671875 0.5152777777777777 0.02265625 0.08888888888888889