7 0.30859375 0.03819444444444445 0.034375 0.0763888888888889
21 0.4390625 0.5527777777777778 0.025 0.09722222222222222
21 0.61171875 0.7875 0.025 0.11666666666666667
22 0.62890625 0.6597222222222222 0.0296875 0.1
22 0.452734375 0.4340277777777778 0.02734375 0.0875
28 0.466796875 0.31527777777777777 0.02578125 0.08888888888888889
28 0.6359375 0.5180555555555556 0.0296875 0.09444444444444444
9 0.64921875 0.40902777777777777 0.0296875 0.09305555555555556
9 0.482421875 0.21944444444444444 0.03046875 0.08333333333333333
24 0.503515625 0.11041666666666666 0.02734375 0.09027777777777778
24 0.666015625 0.2902777777777778 0.03046875 0.08888888888888889