43 0.19296875 0.05347222222222222 0.0546875 0.07361111111111111
51 0.291796875 0.29305555555555557 0.04140625 0.08611111111111111
51 0.479296875 0.3958333333333333 0.04296875 0.08055555555555556
43 0.152734375 0.3625 0.05078125 0.07222222222222222
0 0.621875 0.13680555555555557 0.0609375 0.06805555555555555
0 0.80078125 0.04027777777777778 0.0453125 0.05277777777777778
36 0.7125 0.31319444444444444 0.0375 0.08472222222222223
42 0.759765625 0.3347222222222222 0.02890625 0.08333333333333333
4 0.52421875 0.5680555555555555 0.0546875 0.06388888888888888
4 0.734765625 0.5298611111111111 0.05390625 0.07361111111111111
50 0.780078125 0.4583333333333333 0.05390625 0.06388888888888888
46 0.519140625 0.2777777777777778 0.04453125 0.058333333333333334
24 0.022265625 0.3951388888888889 0.04453125 0.059722222222222225