38 0.3125 0.30486111111111114 0.04375 0.03194444444444444
5 0.144140625 0.6125 0.04921875 0.04722222222222222
21 0.289453125 0.5854166666666667 0.01796875 0.07916666666666666
21 0.4375 0.8284722222222223 0.0203125 0.0875
25 0.616796875 0.8548611111111111 0.04765625 0.07083333333333333
9 0.4796875 0.43472222222222223 0.0484375 0.027777777777777776
10 0.362109375 0.21944444444444444 0.04453125 0.030555555555555555
22 0.312890625 0.12986111111111112 0.01953125 0.06805555555555555
22 0.4421875 0.32222222222222224 0.01875 0.07222222222222222
14 0.565625 0.04722222222222222 0.0421875 0.025
14 0.4421875 0.23680555555555555 0.0484375 0.02638888888888889
30 0.564453125 0.45 0.04453125 0.04722222222222222
34 0.654296875 0.06805555555555555 0.03828125 0.04722222222222222
2 0.76484375 0.08333333333333333 0.040625 0.044444444444444446
2 0.675390625 0.3125 0.04296875 0.04722222222222222
13 0.88515625 0.31666666666666665 0.040625 0.06666666666666667
17 0.7375 0.4625 0.05625 0.030555555555555555
17 0.595703125 0.6895833333333333 0.05390625 0.034722222222222224
48 0.910546875 0.5631944444444444 0.05078125 0.0375
48 0.75546875 0.7694444444444445 0.053125 0.041666666666666664