2 0.3859375 0.5666666666666667 0.03125 0.09444444444444444
2 0.5234375 0.8736111111111111 0.0328125 0.1111111111111111
53 0.552734375 0.7340277777777777 0.02734375 0.1125
53 0.40703125 0.4597222222222222 0.0296875 0.09166666666666666
25 0.44609375 0.3472222222222222 0.025 0.09722222222222222
25 0.5953125 0.6125 0.0234375 0.1
17 0.4859375 0.2513888888888889 0.01875 0.08333333333333333
17 0.6296875 0.49444444444444446 0.0234375 0.10833333333333334
47 0.516015625 0.15069444444444444 0.02734375 0.0763888888888889
47 0.671875 0.3645833333333333 0.028125 0.09861111111111111
38 0.70703125 0.25972222222222224 0.0328125 0.08055555555555556
38 0.551171875 0.0625 0.02265625 0.06944444444444445