50 0.0828125 0.2222222222222222 0.0265625 0.08611111111111111
50 0.187890625 0.4527777777777778 0.02109375 0.08611111111111111
24 0.22890625 0.46111111111111114 0.0234375 0.08333333333333333
28 0.264453125 0.4777777777777778 0.02421875 0.08333333333333333
16 0.317578125 0.47708333333333336 0.02109375 0.08194444444444444
36 0.37109375 0.4638888888888889 0.025 0.08611111111111111
12 0.39375 0.48055555555555557 0.025 0.08333333333333333
42 0.425 0.5284722222222222 0.0296875 0.09027777777777778
8 0.458984375 0.5131944444444444 0.02578125 0.0875
20 0.5421875 0.5048611111111111 0.025 0.08472222222222223
32 0.58359375 0.5 0.021875 0.08611111111111111
4 0.640625 0.5097222222222222 0.021875 0.09444444444444444
0 0.673046875 0.4861111111111111 0.02734375 0.08611111111111111
53 0.573828125 0.6263888888888889 0.02734375 0.08055555555555556
15 0.60625 0.6201388888888889 0.028125 0.08472222222222223
7 0.633984375 0.6027777777777777 0.02265625 0.08611111111111111
7 0.657421875 0.6180555555555556 0.02578125 0.09722222222222222
45 0.69375 0.5888888888888889 0.025 0.08611111111111111
19 0.20234375 0.6652777777777777 0.0296875 0.09166666666666666
31 0.233203125 0.6673611111111111 0.02578125 0.09305555555555556
35 0.261328125 0.6659722222222222 0.02734375 0.0875
3 0.297265625 0.6701388888888888 0.03046875 0.09583333333333334
3 0.32890625 0.6659722222222222 0.0296875 0.09305555555555556
27 0.36328125 0.65 0.028125 0.09722222222222222
23 0.398046875 0.6541666666666667 0.02109375 0.1111111111111111
15 0.16796875 0.6645833333333333 0.03125 0.08194444444444444