5 0.04453125 0.30416666666666664 0.028125 0.06944444444444445
5 0.193359375 0.3333333333333333 0.03203125 0.075
45 0.3046875 0.18958333333333333 0.025 0.08194444444444444
45 0.4234375 0.43333333333333335 0.021875 0.08333333333333333
22 0.52109375 0.3972222222222222 0.05 0.06388888888888888
22 0.61875 0.06041666666666667 0.0453125 0.07083333333333333
10 0.734765625 0.12638888888888888 0.05546875 0.06388888888888888
25 0.79375 0.25069444444444444 0.0546875 0.09305555555555556
25 0.74296875 0.6875 0.0546875 0.09444444444444444
44 0.646484375 0.6138888888888889 0.02578125 0.1
23 0.45859375 0.5326388888888889 0.0484375 0.043055555555555555
23 0.2921875 0.7895833333333333 0.0421875 0.04027777777777778
4 0.181640625 0.7861111111111111 0.03359375 0.09722222222222222
4 0.0421875 0.6861111111111111 0.021875 0.08611111111111111
34 0.040625 0.5618055555555556 0.025 0.0625
34 0.2046875 0.5701388888888889 0.0359375 0.07361111111111111