31 0.25 0.18541666666666667 0.059375 0.04583333333333333
39 0.0625 0.525 0.03125 0.10277777777777777
31 0.06953125 0.44375 0.0578125 0.05138888888888889
39 0.153125 0.8694444444444445 0.034375 0.11944444444444445
20 0.27421875 0.3875 0.028125 0.10833333333333334
13 0.407421875 0.8604166666666667 0.04453125 0.09027777777777778
13 0.6703125 0.8833333333333333 0.05625 0.1
52 0.758984375 0.6625 0.07265625 0.058333333333333334
52 0.963671875 0.27569444444444446 0.07265625 0.07361111111111111
10 0.88203125 0.08819444444444445 0.0296875 0.05138888888888889
5 0.55078125 0.24305555555555555 0.0234375 0.07222222222222222
5 0.683984375 0.40694444444444444 0.02734375 0.08055555555555556
9 0.483984375 0.3888888888888889 0.02265625 0.058333333333333334
9 0.66484375 0.5201388888888889 0.028125 0.06805555555555555
37 0.2953125 0.13541666666666666 0.028125 0.06805555555555555
37 0.487890625 0.22916666666666666 0.03671875 0.06944444444444445