50 0.12265625 0.8597222222222223 0.0515625 0.08055555555555556
50 0.345703125 0.80625 0.04765625 0.06805555555555555
46 0.376171875 0.7388888888888889 0.06171875 0.06111111111111111
24 0.427734375 0.6604166666666667 0.05390625 0.059722222222222225
28 0.45078125 0.6006944444444444 0.05 0.059722222222222225
16 0.47109375 0.5173611111111112 0.0546875 0.05138888888888889
36 0.481640625 0.44375 0.05234375 0.05138888888888889
12 0.502734375 0.4131944444444444 0.04453125 0.05694444444444444
42 0.5390625 0.3861111111111111 0.0484375 0.05277777777777778
8 0.541015625 0.3326388888888889 0.04765625 0.05694444444444444
20 0.564453125 0.2222222222222222 0.05234375 0.044444444444444446
32 0.563671875 0.1625 0.04921875 0.03888888888888889
4 0.5828125 0.09305555555555556 0.0484375 0.044444444444444446
0 0.58125 0.05138888888888889 0.046875 0.03888888888888889
53 0.62421875 0.21944444444444444 0.05625 0.03611111111111111
15 0.634375 0.17569444444444443 0.053125 0.0375
39 0.6328125 0.13333333333333333 0.0453125 0.027777777777777776
7 0.642578125 0.10625 0.05078125 0.0375
45 0.6390625 0.058333333333333334 0.0515625 0.03611111111111111
15 0.530859375 0.8194444444444444 0.06015625 0.07222222222222222
19 0.538671875 0.7604166666666666 0.05546875 0.06527777777777778
31 0.551953125 0.7083333333333334 0.05390625 0.05555555555555555
35 0.560546875 0.6652777777777777 0.05078125 0.058333333333333334
49 0.569921875 0.6215277777777778 0.04765625 0.06805555555555555
3 0.583203125 0.5729166666666666 0.05234375 0.06527777777777778
27 0.580859375 0.5131944444444444 0.04921875 0.05416666666666667
23 0.594140625 0.46458333333333335 0.05078125 0.05138888888888889