6 0.238671875 0.2465277777777778 0.03828125 0.04583333333333333
6 0.425 0.19236111111111112 0.040625 0.04583333333333333
26 0.334765625 0.6875 0.02421875 0.08055555555555556
26 0.49921875 0.9263888888888889 0.0234375 0.09166666666666666
18 0.528125 0.7930555555555555 0.025 0.09444444444444444
18 0.36875 0.5694444444444444 0.01875 0.07777777777777778
33 0.5625 0.6458333333333334 0.03125 0.08055555555555556
1 0.575 0.5361111111111111 0.0359375 0.08055555555555556
51 0.5984375 0.5083333333333333 0.021875 0.07777777777777778
37 0.61875 0.42569444444444443 0.01875 0.07361111111111111
37 0.49140625 0.20347222222222222 0.0171875 0.06805555555555555
43 0.53515625 0.12569444444444444 0.0171875 0.0625
43 0.649609375 0.35555555555555557 0.01484375 0.07222222222222222
44 0.7359375 0.3451388888888889 0.01875 0.06805555555555555
29 0.785546875 0.4527777777777778 0.01640625 0.08333333333333333
52 0.808984375 0.5979166666666667 0.02578125 0.07361111111111111
47 0.82265625 0.7465277777777778 0.059375 0.034722222222222224
47 0.64609375 0.9458333333333333 0.05625 0.041666666666666664