29 0.135546875 0.3680555555555556 0.02265625 0.09444444444444444
29 0.294140625 0.6034722222222222 0.02265625 0.09861111111111111
49 0.35234375 0.2965277777777778 0.0375 0.07361111111111111
49 0.55625 0.44722222222222224 0.0421875 0.075
24 0.58046875 0.4013888888888889 0.0234375 0.08888888888888889
24 0.71015625 0.5743055555555555 0.0265625 0.09861111111111111
51 0.640625 0.2590277777777778 0.0265625 0.07361111111111111
51 0.824609375 0.36319444444444443 0.03515625 0.09027777777777778
43 0.67890625 0.1840277777777778 0.0515625 0.05416666666666667
43 0.915625 0.07569444444444444 0.06875 0.04583333333333333
47 0.9234375 0.29791666666666666 0.065625 0.11805555555555555
47 0.903515625 0.7930555555555555 0.06796875 0.12222222222222222
16 0.4765625 0.8847222222222222 0.0484375 0.11944444444444445
53 0.380078125 0.5895833333333333 0.05859375 0.05694444444444444
53 0.198828125 0.91875 0.06796875 0.05694444444444444