18 0.864453125 0.5368055555555555 0.09140625 0.05416666666666667
46 0.612890625 0.4215277777777778 0.06171875 0.04027777777777778
46 0.823828125 0.19305555555555556 0.06640625 0.04722222222222222
35 0.912890625 0.0625 0.04921875 0.06666666666666667
35 0.696484375 0.027083333333333334 0.04296875 0.05416666666666667
2 0.594140625 0.06319444444444444 0.04296875 0.04027777777777778
2 0.451953125 0.2548611111111111 0.05234375 0.043055555555555555
14 0.205859375 0.12916666666666668 0.01953125 0.05277777777777778
14 0.329296875 0.3111111111111111 0.01953125 0.058333333333333334
36 0.107421875 0.5611111111111111 0.02265625 0.10277777777777777
36 0.272265625 0.7645833333333333 0.02890625 0.12083333333333333
15 0.185546875 0.7798611111111111 0.06171875 0.059722222222222225
42 0.419140625 0.5472222222222223 0.02109375 0.08055555555555556
42 0.556640625 0.6368055555555555 0.02734375 0.10416666666666667