51 0.157984375 0.5200555555555556 0.029515625 0.08025
5 0.351125 0.6288611111111111 0.0321171875 0.08179166666666667
6 0.372828125 0.4166666666666667 0.0338515625 0.07098611111111111
6 0.36241406249999997 0.7515416666666667 0.04253125 0.08025
7 0.49913281249999997 0.5987638888888889 0.032984374999999996 0.08025
7 0.5256093749999999 0.959875 0.04253125 0.08025
4 0.5703125 0.9691388888888889 0.0520859375 0.06172222222222222
28 0.7313359375 0.5841111111111111 0.0477421875 0.0663611111111111
28 0.788625 0.30477777777777776 0.040796874999999996 0.05401388888888889
31 0.5360234375 0.3888888888888889 0.0477421875 0.040125
31 0.7005234375 0.2484583333333333 0.045140625000000004 0.043208333333333335
29 0.447046875 0.3155833333333333 0.048609374999999996 0.029319444444444443
29 0.5876718750000001 0.1342638888888889 0.05034375 0.027777777777777776
30 0.5967890625 0.08641666666666667 0.02690625 0.05555555555555555
30 0.7591171875 0.227625 0.02690625 0.06944444444444445