15 0.35859375 0.26875 0.03125 0.07361111111111111
45 0.409765625 0.22013888888888888 0.04296875 0.06527777777777778
17 0.16953125 0.4215277777777778 0.03125 0.0875
17 0.3609375 0.5743055555555555 0.0375 0.09027777777777778
15 0.408203125 0.4215277777777778 0.02578125 0.09861111111111111
15 0.57421875 0.6388888888888888 0.028125 0.10833333333333334
7 0.434375 0.3125 0.0296875 0.08888888888888889
7 0.601953125 0.5020833333333333 0.03203125 0.10138888888888889
14 0.52265625 0.1798611111111111 0.03125 0.07361111111111111
2 0.689453125 0.15625 0.03046875 0.08472222222222223
14 0.708203125 0.30277777777777776 0.03359375 0.08055555555555556
35 0.746875 0.19583333333333333 0.0515625 0.05
35 0.662109375 0.47291666666666665 0.05390625 0.05416666666666667
18 0.889453125 0.4083333333333333 0.05078125 0.05555555555555555
18 0.792578125 0.7083333333333334 0.06328125 0.058333333333333334