11 0.276421875 0.29386111111111113 0.0430625 0.044444444444444446
11 0.46290624999999996 0.22841666666666668 0.0423671875 0.04198611111111111
16 0.42018750000000005 0.14198611111111112 0.0375078125 0.04938888888888889
28 0.489640625 0.13397222222222221 0.01528125 0.07037500000000001
19 0.6629296874999999 0.2043472222222222 0.029867187499999996 0.06297222222222222
50 0.7365468749999999 0.32966666666666666 0.0256953125 0.07902777777777778
50 0.8931640625 0.5513055555555556 0.029171875000000003 0.08272222222222222
19 0.6924453125000001 0.4957361111111111 0.0333359375 0.07284722222222223
53 0.5028359375 0.32966666666666666 0.040281250000000005 0.05679166666666667
39 0.499015625 0.4117777777777778 0.049312499999999995 0.03086111111111111
15 0.6973046875 0.5741388888888889 0.0458359375 0.05679166666666667
15 0.49519531250000004 0.6025416666666666 0.0430625 0.06173611111111112
23 0.6174375000000001 0.6013055555555555 0.0458359375 0.051861111111111115
23 0.5424296875 0.9402361111111112 0.050007812500000005 0.05555555555555555
0 0.44484375 0.6334166666666666 0.050703125 0.04938888888888889
0 0.310453125 0.937763888888889 0.054171875 0.05555555555555555
27 0.2434296875 0.40004166666666663 0.035421875000000005 0.07655555555555556
3 0.1354296875 0.6093333333333334 0.036117187499999995 0.08766666666666666
3 0.1812734375 0.953763888888889 0.040281250000000005 0.09247222222222222
53 0.694875 0.3395416666666667 0.0423671875 0.059263888888888894