30 0.33046875 0.10555555555555556 0.0234375 0.075
30 0.4796875 0.29583333333333334 0.025 0.07777777777777778
38 0.489453125 0.06319444444444444 0.02109375 0.07361111111111111
38 0.631640625 0.2673611111111111 0.02109375 0.08194444444444444
10 0.67421875 0.15555555555555556 0.028125 0.08055555555555556
10 0.841015625 0.34791666666666665 0.03203125 0.08472222222222223
32 0.824609375 0.5034722222222222 0.02890625 0.09305555555555556
32 0.663671875 0.26875 0.03046875 0.06805555555555555
25 0.616015625 0.37083333333333335 0.02578125 0.08888888888888889
25 0.78046875 0.6069444444444444 0.03125 0.1
6 0.333203125 0.47708333333333336 0.04296875 0.07083333333333333
6 0.544140625 0.5020833333333333 0.04296875 0.07083333333333333