23 0.58125 0.075 0.03125 0.08611111111111111
23 0.636328125 0.3472222222222222 0.03046875 0.08888888888888889
27 0.7984375 0.10555555555555556 0.025 0.08611111111111111
27 0.953515625 0.32569444444444445 0.02734375 0.09305555555555556
8 0.744140625 0.26180555555555557 0.03046875 0.08194444444444444
8 0.9234375 0.46597222222222223 0.034375 0.10138888888888889
22 0.66640625 0.525 0.03125 0.08333333333333333
22 0.8890625 0.6555555555555556 0.0484375 0.09722222222222222
7 0.899609375 0.7743055555555556 0.07109375 0.07083333333333333
7 0.6625 0.8979166666666667 0.065625 0.07916666666666666
45 0.49375 0.4486111111111111 0.034375 0.09722222222222222
45 0.565234375 0.7729166666666667 0.03046875 0.12638888888888888
3 0.35546875 0.6840277777777778 0.03125 0.09027777777777778
3 0.496875 0.9319444444444445 0.03125 0.10555555555555556