37 0.210546875 0.25277777777777777 0.04609375 0.05
43 0.246484375 0.3472222222222222 0.04453125 0.05555555555555555
21 0.237109375 0.28958333333333336 0.04453125 0.05416666666666667
47 0.284375 0.3875 0.0375 0.06944444444444445
25 0.30859375 0.4625 0.040625 0.06388888888888888
17 0.303125 0.42083333333333334 0.0390625 0.06388888888888888
29 0.37109375 0.5 0.0359375 0.07222222222222222
13 0.39375 0.5458333333333333 0.034375 0.07222222222222222
14 0.4078125 0.5993055555555555 0.034375 0.07083333333333333
5 0.461328125 0.6 0.03203125 0.08055555555555556
9 0.492578125 0.6388888888888888 0.03359375 0.07777777777777778
51 0.521875 0.6986111111111111 0.034375 0.08611111111111111
1 0.562890625 0.7444444444444445 0.03203125 0.08611111111111111
33 0.601171875 0.7326388888888888 0.02890625 0.08472222222222223
34 0.11953125 0.4340277777777778 0.0484375 0.05694444444444444
2 0.1359375 0.48819444444444443 0.05 0.0625
18 0.180078125 0.5090277777777777 0.04296875 0.07083333333333333
26 0.2203125 0.5291666666666667 0.040625 0.075
6 0.216015625 0.5979166666666667 0.04765625 0.05138888888888889
48 0.257421875 0.6694444444444444 0.05078125 0.06944444444444445
22 0.354296875 0.7736111111111111 0.04296875 0.06666666666666667
10 0.410546875 0.8090277777777778 0.03828125 0.07916666666666666
30 0.430078125 0.8409722222222222 0.03671875 0.08194444444444444
38 0.506640625 0.8694444444444445 0.03046875 0.08888888888888889
44 0.54453125 0.8847222222222222 0.034375 0.08888888888888889
52 0.56953125 0.9361111111111111 0.0375 0.09166666666666666