37 0.101953125 0.31527777777777777 0.02890625 0.07222222222222222
37 0.15546875 0.6104166666666667 0.034375 0.07916666666666666
21 0.184375 0.6444444444444445 0.0296875 0.08333333333333333
43 0.225390625 0.6833333333333333 0.03203125 0.08333333333333333
47 0.264453125 0.6888888888888889 0.02578125 0.08888888888888889
17 0.2984375 0.68125 0.021875 0.0875
25 0.325390625 0.6993055555555555 0.02109375 0.0875
29 0.384765625 0.6743055555555556 0.01640625 0.08472222222222223
13 0.41796875 0.6986111111111111 0.0203125 0.08611111111111111
14 0.453515625 0.6951388888888889 0.02578125 0.08472222222222223
5 0.49296875 0.6652777777777777 0.021875 0.08611111111111111
9 0.531640625 0.6701388888888888 0.01953125 0.08472222222222223
51 0.57421875 0.69375 0.0234375 0.09027777777777778
1 0.627734375 0.7006944444444444 0.03046875 0.0875
33 0.65 0.6569444444444444 0.01875 0.09444444444444444
38 0.630078125 0.8354166666666667 0.02890625 0.09027777777777778
44 0.663671875 0.8104166666666667 0.02109375 0.09861111111111111
52 0.70078125 0.8243055555555555 0.0265625 0.09305555555555556
10 0.5296875 0.8868055555555555 0.0234375 0.09305555555555556
30 0.56015625 0.8916666666666667 0.021875 0.09166666666666666
22 0.473828125 0.9215277777777777 0.02265625 0.09861111111111111
48 0.35078125 0.9006944444444445 0.0359375 0.09861111111111111
6 0.28828125 0.8958333333333334 0.0375 0.08611111111111111
26 0.253515625 0.8270833333333333 0.02734375 0.09861111111111111
18 0.210546875 0.8548611111111111 0.02890625 0.09027777777777778
2 0.155859375 0.8847222222222222 0.04296875 0.09722222222222222
34 0.099609375 0.8895833333333333 0.03828125 0.09027777777777778