48 0.5234375 0.06388888888888888 0.03125 0.06944444444444445
33 0.666796875 0.325 0.03046875 0.08611111111111111
19 0.719140625 0.4013888888888889 0.03046875 0.09444444444444444
21 0.819921875 0.14375 0.04921875 0.06527777777777778
28 0.980078125 0.37430555555555556 0.03046875 0.09861111111111111
26 0.755859375 0.39166666666666666 0.02578125 0.08888888888888889
26 0.8640625 0.7229166666666667 0.028125 0.09583333333333334
34 0.896484375 0.8625 0.03515625 0.1111111111111111
52 0.67109375 0.8 0.0328125 0.09444444444444444
9 0.4421875 0.4548611111111111 0.0234375 0.08194444444444444
9 0.587109375 0.6652777777777777 0.02265625 0.09166666666666666