45 0.302734375 0.16458333333333333 0.02109375 0.06805555555555555
45 0.396875 0.4041666666666667 0.01875 0.07777777777777778
42 0.440234375 0.29583333333333334 0.02421875 0.06944444444444445
42 0.3390625 0.07430555555555556 0.01875 0.07083333333333333
51 0.15234375 0.5118055555555555 0.021875 0.08194444444444444
51 0.26640625 0.78125 0.021875 0.09027777777777778
52 0.1015625 0.6334861111111111 0.026039062499999998 0.084875
52 0.22265625 0.9274722222222221 0.025171875 0.09876388888888889
53 0.3216171875 0.6689861111111112 0.01996875 0.0941388888888889
53 0.45225781249999997 0.9544722222222223 0.022570312500000002 0.09105555555555556
50 0.35850781249999997 0.5432083333333334 0.024304687499999998 0.08641666666666667
50 0.48871875 0.8233055555555555 0.026039062499999998 0.10338888888888889
44 0.6818593749999999 0.17901388888888886 0.016492187499999998 0.07098611111111111
44 0.8151015625 0.4074027777777778 0.024304687499999998 0.07716666666666668
43 0.7018203125 0.09876388888888889 0.0147578125 0.07098611111111111
43 0.8342031249999999 0.317125 0.020835937500000002 0.084875
48 0.49088281250000004 0.17669444444444443 0.021703125 0.0756111111111111
48 0.61675 0.4004583333333333 0.01996875 0.0756111111111111
47 0.51215625 0.084875 0.015625 0.06790277777777778
49 0.6089375 0.6288611111111111 0.025171875 0.09105555555555556
49 0.75434375 0.9166666666666666 0.02778125 0.10184722222222221
46 0.6280390625 0.5316388888888889 0.021703125 0.084875
46 0.773 0.8001527777777778 0.028648437500000002 0.09722222222222222