31 0.11796875 0.059027777777777776 0.025 0.08472222222222223
31 0.206640625 0.3111111111111111 0.02265625 0.08611111111111111
37 0.332421875 0.06041666666666667 0.01953125 0.07361111111111111
37 0.43125 0.29791666666666666 0.021875 0.09027777777777778
13 0.4421875 0.39791666666666664 0.0328125 0.08194444444444444
13 0.640625 0.5097222222222222 0.0375 0.08333333333333333
48 0.570703125 0.16944444444444445 0.02890625 0.075
9 0.66328125 0.07291666666666667 0.0296875 0.07083333333333333
9 0.748046875 0.35138888888888886 0.02734375 0.08888888888888889
5 0.81953125 0.3548611111111111 0.0609375 0.0625
39 0.423046875 0.5222222222222223 0.03203125 0.08888888888888889
52 0.221875 0.4236111111111111 0.0265625 0.08055555555555556
52 0.370703125 0.6576388888888889 0.02421875 0.09583333333333334