52 0.652734375 0.11736111111111111 0.03671875 0.10694444444444444
48 0.865625 0.10208333333333333 0.0484375 0.10138888888888889
26 0.67890625 0.23819444444444443 0.0515625 0.08194444444444444
43 0.4875 0.28194444444444444 0.021875 0.08333333333333333
43 0.647265625 0.4513888888888889 0.02734375 0.09444444444444444
33 0.259765625 0.12569444444444444 0.03203125 0.06805555555555555
33 0.444140625 0.19652777777777777 0.03359375 0.06527777777777778
9 0.23203125 0.2604166666666667 0.0328125 0.08472222222222223
9 0.291796875 0.5840277777777778 0.03359375 0.10138888888888889
29 0.38515625 0.42083333333333334 0.0578125 0.05277777777777778
29 0.248828125 0.7194444444444444 0.05390625 0.044444444444444446
24 0.333203125 0.6152777777777778 0.03671875 0.1
49 0.356640625 0.8402777777777778 0.04296875 0.058333333333333334
49 0.548046875 0.65625 0.05078125 0.059722222222222225