26 0.479296875 0.5284722222222222 0.02890625 0.07916666666666666
4 0.396484375 0.050694444444444445 0.01953125 0.0763888888888889
10 0.424609375 0.7618055555555555 0.06015625 0.04583333333333333
52 0.5421875 0.5319444444444444 0.0265625 0.08888888888888889
52 0.728515625 0.7673611111111112 0.03515625 0.09583333333333334
35 0.745703125 0.6201388888888889 0.03359375 0.09305555555555556
35 0.560546875 0.42083333333333334 0.02890625 0.08333333333333333
51 0.58046875 0.3055555555555556 0.028125 0.08888888888888889
51 0.762890625 0.4930555555555556 0.03203125 0.08611111111111111
13 0.76640625 0.3680555555555556 0.0296875 0.08333333333333333
13 0.58359375 0.20277777777777778 0.0265625 0.08055555555555556
1 0.61484375 0.09166666666666666 0.028125 0.06944444444444445
1 0.7890625 0.2777777777777778 0.0359375 0.08333333333333333