42 0.26640625 0.17569444444444443 0.0171875 0.07361111111111111
42 0.3796875 0.3958333333333333 0.0171875 0.07777777777777778
45 0.303515625 0.08055555555555556 0.01953125 0.06944444444444445
45 0.407421875 0.3055555555555556 0.02265625 0.075
51 0.1493046875 0.6419722222222223 0.024304687499999998 0.08641666666666667
51 0.259546875 0.9429027777777778 0.02778125 0.09568055555555556
52 0.19140625 0.5447500000000001 0.0234375 0.07406944444444444
52 0.299046875 0.8356527777777777 0.01996875 0.08795833333333333
53 0.4066875 0.5447500000000001 0.0234375 0.07716666666666668
53 0.54296875 0.8109583333333333 0.02690625 0.0941388888888889
50 0.372828125 0.6481527777777778 0.021703125 0.0895
50 0.51215625 0.9251527777777778 0.026039062499999998 0.10338888888888889
44 0.7105 0.06404166666666666 0.016492187499999998 0.06944444444444445
44 0.8381093749999999 0.2808611111111111 0.021703125 0.08025
43 0.68403125 0.15586111111111112 0.024304687499999998 0.07716666666666668
43 0.8259531250000001 0.37422222222222223 0.025171875 0.08179166666666667
48 0.50346875 0.05555555555555555 0.01909375 0.07406944444444444
48 0.6163203125 0.27623611111111107 0.026039062499999998 0.07716666666666668
47 0.4765625 0.129625 0.020835937500000002 0.06790277777777778
47 0.5885390625 0.35494444444444445 0.01909375 0.07716666666666668
49 0.6627578125 0.5254583333333334 0.01996875 0.08179166666666667
49 0.8068593749999999 0.8016944444444445 0.025171875 0.10338888888888889
46 0.6302109375 0.6450555555555556 0.026039062499999998 0.09259722222222222
46 0.7890625 0.9220694444444444 0.029515625 0.10338888888888889